# 派生路径 m/purpose'/coin_type'/account'/change/index
# account 取值范围: 0-111（含111）；index 取值范围: 本文件所列之值（由本命令生成）
# 生成规则: 特定条件数(2种数码/易记结构等) + 全范围0-1000 + 倒数100
# LO=10001 HI=2147473647 index_max=2147483647
0
1
2
3
4
5
6
7
8
9
10
11
12
13
14
15
16
17
18
19
20
21
22
23
24
25
26
27
28
29
30
31
32
33
34
35
36
37
38
39
40
41
42
43
44
45
46
47
48
49
50
51
52
53
54
55
56
57
58
59
60
61
62
63
64
65
66
67
68
69
70
71
72
73
74
75
76
77
78
79
80
81
82
83
84
85
86
87
88
89
90
91
92
93
94
95
96
97
98
99
100
101
102
103
104
105
106
107
108
109
110
111
112
113
114
115
116
117
118
119
120
121
122
123
124
125
126
127
128
129
130
131
132
133
134
135
136
137
138
139
140
141
142
143
144
145
146
147
148
149
150
151
152
153
154
155
156
157
158
159
160
161
162
163
164
165
166
167
168
169
170
171
172
173
174
175
176
177
178
179
180
181
182
183
184
185
186
187
188
189
190
191
192
193
194
195
196
197
198
199
200
201
202
203
204
205
206
207
208
209
210
211
212
213
214
215
216
217
218
219
220
221
222
223
224
225
226
227
228
229
230
231
232
233
234
235
236
237
238
239
240
241
242
243
244
245
246
247
248
249
250
251
252
253
254
255
256
257
258
259
260
261
262
263
264
265
266
267
268
269
270
271
272
273
274
275
276
277
278
279
280
281
282
283
284
285
286
287
288
289
290
291
292
293
294
295
296
297
298
299
300
301
302
303
304
305
306
307
308
309
310
311
312
313
314
315
316
317
318
319
320
321
322
323
324
325
326
327
328
329
330
331
332
333
334
335
336
337
338
339
340
341
342
343
344
345
346
347
348
349
350
351
352
353
354
355
356
357
358
359
360
361
362
363
364
365
366
367
368
369
370
371
372
373
374
375
376
377
378
379
380
381
382
383
384
385
386
387
388
389
390
391
392
393
394
395
396
397
398
399
400
401
402
403
404
405
406
407
408
409
410
411
412
413
414
415
416
417
418
419
420
421
422
423
424
425
426
427
428
429
430
431
432
433
434
435
436
437
438
439
440
441
442
443
444
445
446
447
448
449
450
451
452
453
454
455
456
457
458
459
460
461
462
463
464
465
466
467
468
469
470
471
472
473
474
475
476
477
478
479
480
481
482
483
484
485
486
487
488
489
490
491
492
493
494
495
496
497
498
499
500
501
502
503
504
505
506
507
508
509
510
511
512
513
514
515
516
517
518
519
520
521
522
523
524
525
526
527
528
529
530
531
532
533
534
535
536
537
538
539
540
541
542
543
544
545
546
547
548
549
550
551
552
553
554
555
556
557
558
559
560
561
562
563
564
565
566
567
568
569
570
571
572
573
574
575
576
577
578
579
580
581
582
583
584
585
586
587
588
589
590
591
592
593
594
595
596
597
598
599
600
601
602
603
604
605
606
607
608
609
610
611
612
613
614
615
616
617
618
619
620
621
622
623
624
625
626
627
628
629
630
631
632
633
634
635
636
637
638
639
640
641
642
643
644
645
646
647
648
649
650
651
652
653
654
655
656
657
658
659
660
661
662
663
664
665
666
667
668
669
670
671
672
673
674
675
676
677
678
679
680
681
682
683
684
685
686
687
688
689
690
691
692
693
694
695
696
697
698
699
700
701
702
703
704
705
706
707
708
709
710
711
712
713
714
715
716
717
718
719
720
721
722
723
724
725
726
727
728
729
730
731
732
733
734
735
736
737
738
739
740
741
742
743
744
745
746
747
748
749
750
751
752
753
754
755
756
757
758
759
760
761
762
763
764
765
766
767
768
769
770
771
772
773
774
775
776
777
778
779
780
781
782
783
784
785
786
787
788
789
790
791
792
793
794
795
796
797
798
799
800
801
802
803
804
805
806
807
808
809
810
811
812
813
814
815
816
817
818
819
820
821
822
823
824
825
826
827
828
829
830
831
832
833
834
835
836
837
838
839
840
841
842
843
844
845
846
847
848
849
850
851
852
853
854
855
856
857
858
859
860
861
862
863
864
865
866
867
868
869
870
871
872
873
874
875
876
877
878
879
880
881
882
883
884
885
886
887
888
889
890
891
892
893
894
895
896
897
898
899
900
901
902
903
904
905
906
907
908
909
910
911
912
913
914
915
916
917
918
919
920
921
922
923
924
925
926
927
928
929
930
931
932
933
934
935
936
937
938
939
940
941
942
943
944
945
946
947
948
949
950
951
952
953
954
955
956
957
958
959
960
961
962
963
964
965
966
967
968
969
970
971
972
973
974
975
976
977
978
979
980
981
982
983
984
985
986
987
988
989
990
991
992
993
994
995
996
997
998
999
1000
1100
1110
1111
1112
1113
1114
1115
1116
1117
1118
1119
1122
1133
1144
1155
1166
1177
1188
1199
1222
1234
1333
1444
1555
1666
1777
1888
1999
2000
2111
2200
2211
2220
2221
2222
2223
2224
2225
2226
2227
2228
2229
2233
2244
2255
2266
2277
2288
2299
2333
2345
2444
2555
2666
2777
2888
2999
3000
3111
3210
3222
3300
3311
3322
3330
3331
3332
3333
3334
3335
3336
3337
3338
3339
3344
3355
3366
3377
3388
3399
3444
3456
3555
3666
3777
3888
3999
4000
4111
4222
4321
4333
4400
4411
4422
4433
4440
4441
4442
4443
4444
4445
4446
4447
4448
4449
4455
4466
4477
4488
4499
4555
4567
4666
4777
4888
4999
5000
5111
5222
5333
5432
5444
5500
5511
5522
5533
5544
5550
5551
5552
5553
5554
5555
5556
5557
5558
5559
5566
5577
5588
5599
5666
5678
5777
5888
5999
6000
6111
6222
6333
6444
6543
6555
6600
6611
6622
6633
6644
6655
6660
6661
6662
6663
6664
6665
6666
6667
6668
6669
6677
6688
6699
6777
6789
6888
6999
7000
7111
7222
7333
7444
7555
7654
7666
7700
7711
7722
7733
7744
7755
7766
7770
7771
7772
7773
7774
7775
7776
7777
7778
7779
7788
7799
7888
7999
8000
8111
8222
8333
8444
8555
8666
8765
8777
8800
8811
8822
8833
8844
8855
8866
8877
8880
8881
8882
8883
8884
8885
8886
8887
8888
8889
8899
8999
9000
9111
9222
9333
9444
9555
9666
9777
9876
9888
9900
9911
9922
9933
9944
9955
9966
9977
9988
9990
9991
9992
9993
9994
9995
9996
9997
9998
9999
11000
11100
11110
11111
11112
11113
11114
11115
11116
11117
11118
11119
11122
11133
11144
11155
11166
11177
11188
11199
11222
11333
11444
11555
11666
11777
11888
11999
12222
12345
13333
14444
15555
16666
17777
18888
19999
20000
21111
22000
22111
22200
22211
22220
22221
22222
22223
22224
22225
22226
22227
22228
22229
22233
22244
22255
22266
22277
22288
22299
22333
22444
22555
22666
22777
22888
22999
23333
23456
24444
25555
26666
27777
28888
29999
30000
31111
32222
33000
33111
33222
33300
33311
33322
33330
33331
33332
33333
33334
33335
33336
33337
33338
33339
33344
33355
33366
33377
33388
33399
33444
33555
33666
33777
33888
33999
34444
34567
35555
36666
37777
38888
39999
40000
41111
42222
43210
43333
44000
44111
44222
44333
44400
44411
44422
44433
44440
44441
44442
44443
44444
44445
44446
44447
44448
44449
44455
44466
44477
44488
44499
44555
44666
44777
44888
44999
45555
45678
46666
47777
48888
49999
50000
51111
52222
53333
54321
54444
55000
55111
55222
55333
55444
55500
55511
55522
55533
55544
55550
55551
55552
55553
55554
55555
55556
55557
55558
55559
55566
55577
55588
55599
55666
55777
55888
55999
56666
56789
57777
58888
59999
60000
61111
62222
63333
64444
65432
65555
66000
66111
66222
66333
66444
66555
66600
66611
66622
66633
66644
66655
66660
66661
66662
66663
66664
66665
66666
66667
66668
66669
66677
66688
66699
66777
66888
66999
67777
68888
69999
70000
71111
72222
73333
74444
75555
76543
76666
77000
77111
77222
77333
77444
77555
77666
77700
77711
77722
77733
77744
77755
77766
77770
77771
77772
77773
77774
77775
77776
77777
77778
77779
77788
77799
77888
77999
78888
79999
80000
81111
82222
83333
84444
85555
86666
87654
87777
88000
88111
88222
88333
88444
88555
88666
88777
88800
88811
88822
88833
88844
88855
88866
88877
88880
88881
88882
88883
88884
88885
88886
88887
88888
88889
88899
88999
89999
90000
91111
92222
93333
94444
95555
96666
97777
98765
98888
99000
99111
99222
99333
99444
99555
99666
99777
99888
99900
99911
99922
99933
99944
99955
99966
99977
99988
99990
99991
99992
99993
99994
99995
99996
99997
99998
99999
100000
110000
111000
111100
111110
111111
111112
111113
111114
111115
111116
111117
111118
111119
111122
111133
111144
111155
111166
111177
111188
111199
111222
111333
111444
111555
111666
111777
111888
111999
112222
113333
114444
115555
116666
117777
118888
119999
122222
123456
133333
144444
155555
166666
177777
188888
199999
200000
211111
220000
221111
222000
222111
222200
222211
222220
222221
222222
222223
222224
222225
222226
222227
222228
222229
222233
222244
222255
222266
222277
222288
222299
222333
222444
222555
222666
222777
222888
222999
223333
224444
225555
226666
227777
228888
229999
233333
234567
244444
255555
266666
277777
288888
299999
300000
311111
322222
330000
331111
332222
333000
333111
333222
333300
333311
333322
333330
333331
333332
333333
333334
333335
333336
333337
333338
333339
333344
333355
333366
333377
333388
333399
333444
333555
333666
333777
333888
333999
334444
335555
336666
337777
338888
339999
344444
345678
355555
366666
377777
388888
399999
400000
411111
422222
433333
440000
441111
442222
443333
444000
444111
444222
444333
444400
444411
444422
444433
444440
444441
444442
444443
444444
444445
444446
444447
444448
444449
444455
444466
444477
444488
444499
444555
444666
444777
444888
444999
445555
446666
447777
448888
449999
455555
456789
466666
477777
488888
499999
500000
511111
522222
533333
543210
544444
550000
551111
552222
553333
554444
555000
555111
555222
555333
555444
555500
555511
555522
555533
555544
555550
555551
555552
555553
555554
555555
555556
555557
555558
555559
555566
555577
555588
555599
555666
555777
555888
555999
556666
557777
558888
559999
566666
577777
588888
599999
600000
611111
622222
633333
644444
654321
655555
660000
661111
662222
663333
664444
665555
666000
666111
666222
666333
666444
666555
666600
666611
666622
666633
666644
666655
666660
666661
666662
666663
666664
666665
666666
666667
666668
666669
666677
666688
666699
666777
666888
666999
667777
668888
669999
677777
688888
699999
700000
711111
722222
733333
744444
755555
765432
766666
770000
771111
772222
773333
774444
775555
776666
777000
777111
777222
777333
777444
777555
777666
777700
777711
777722
777733
777744
777755
777766
777770
777771
777772
777773
777774
777775
777776
777777
777778
777779
777788
777799
777888
777999
778888
779999
788888
799999
800000
811111
822222
833333
844444
855555
866666
876543
877777
880000
881111
882222
883333
884444
885555
886666
887777
888000
888111
888222
888333
888444
888555
888666
888777
888800
888811
888822
888833
888844
888855
888866
888877
888880
888881
888882
888883
888884
888885
888886
888887
888888
888889
888899
888999
889999
899999
900000
911111
922222
933333
944444
955555
966666
977777
987654
988888
990000
991111
992222
993333
994444
995555
996666
997777
998888
999000
999111
999222
999333
999444
999555
999666
999777
999888
999900
999911
999922
999933
999944
999955
999966
999977
999988
999990
999991
999992
999993
999994
999995
999996
999997
999998
999999
1000000
1100000
1110000
1111000
1111100
1111110
1111111
1111112
1111113
1111114
1111115
1111116
1111117
1111118
1111119
1111122
1111133
1111144
1111155
1111166
1111177
1111188
1111199
1111222
1111333
1111444
1111555
1111666
1111777
1111888
1111999
1112222
1113333
1114444
1115555
1116666
1117777
1118888
1119999
1122222
1133333
1144444
1155555
1166666
1177777
1188888
1199999
1222222
1234567
1333333
1444444
1555555
1666666
1777777
1888888
1999999
2000000
2111111
2200000
2211111
2220000
2221111
2222000
2222111
2222200
2222211
2222220
2222221
2222222
2222223
2222224
2222225
2222226
2222227
2222228
2222229
2222233
2222244
2222255
2222266
2222277
2222288
2222299
2222333
2222444
2222555
2222666
2222777
2222888
2222999
2223333
2224444
2225555
2226666
2227777
2228888
2229999
2233333
2244444
2255555
2266666
2277777
2288888
2299999
2333333
2345678
2444444
2555555
2666666
2777777
2888888
2999999
3000000
3111111
3222222
3300000
3311111
3322222
3330000
3331111
3332222
3333000
3333111
3333222
3333300
3333311
3333322
3333330
3333331
3333332
3333333
3333334
3333335
3333336
3333337
3333338
3333339
3333344
3333355
3333366
3333377
3333388
3333399
3333444
3333555
3333666
3333777
3333888
3333999
3334444
3335555
3336666
3337777
3338888
3339999
3344444
3355555
3366666
3377777
3388888
3399999
3444444
3456789
3555555
3666666
3777777
3888888
3999999
4000000
4111111
4222222
4333333
4400000
4411111
4422222
4433333
4440000
4441111
4442222
4443333
4444000
4444111
4444222
4444333
4444400
4444411
4444422
4444433
4444440
4444441
4444442
4444443
4444444
4444445
4444446
4444447
4444448
4444449
4444455
4444466
4444477
4444488
4444499
4444555
4444666
4444777
4444888
4444999
4445555
4446666
4447777
4448888
4449999
4455555
4466666
4477777
4488888
4499999
4555555
4666666
4777777
4888888
4999999
5000000
5111111
5222222
5333333
5444444
5500000
5511111
5522222
5533333
5544444
5550000
5551111
5552222
5553333
5554444
5555000
5555111
5555222
5555333
5555444
5555500
5555511
5555522
5555533
5555544
5555550
5555551
5555552
5555553
5555554
5555555
5555556
5555557
5555558
5555559
5555566
5555577
5555588
5555599
5555666
5555777
5555888
5555999
5556666
5557777
5558888
5559999
5566666
5577777
5588888
5599999
5666666
5777777
5888888
5999999
6000000
6111111
6222222
6333333
6444444
6543210
6555555
6600000
6611111
6622222
6633333
6644444
6655555
6660000
6661111
6662222
6663333
6664444
6665555
6666000
6666111
6666222
6666333
6666444
6666555
6666600
6666611
6666622
6666633
6666644
6666655
6666660
6666661
6666662
6666663
6666664
6666665
6666666
6666667
6666668
6666669
6666677
6666688
6666699
6666777
6666888
6666999
6667777
6668888
6669999
6677777
6688888
6699999
6777777
6888888
6999999
7000000
7111111
7222222
7333333
7444444
7555555
7654321
7666666
7700000
7711111
7722222
7733333
7744444
7755555
7766666
7770000
7771111
7772222
7773333
7774444
7775555
7776666
7777000
7777111
7777222
7777333
7777444
7777555
7777666
7777700
7777711
7777722
7777733
7777744
7777755
7777766
7777770
7777771
7777772
7777773
7777774
7777775
7777776
7777777
7777778
7777779
7777788
7777799
7777888
7777999
7778888
7779999
7788888
7799999
7888888
7999999
8000000
8111111
8222222
8333333
8444444
8555555
8666666
8765432
8777777
8800000
8811111
8822222
8833333
8844444
8855555
8866666
8877777
8880000
8881111
8882222
8883333
8884444
8885555
8886666
8887777
8888000
8888111
8888222
8888333
8888444
8888555
8888666
8888777
8888800
8888811
8888822
8888833
8888844
8888855
8888866
8888877
8888880
8888881
8888882
8888883
8888884
8888885
8888886
8888887
8888888
8888889
8888899
8888999
8889999
8899999
8999999
9000000
9111111
9222222
9333333
9444444
9555555
9666666
9777777
9876543
9888888
9900000
9911111
9922222
9933333
9944444
9955555
9966666
9977777
9988888
9990000
9991111
9992222
9993333
9994444
9995555
9996666
9997777
9998888
9999000
9999111
9999222
9999333
9999444
9999555
9999666
9999777
9999888
9999900
9999911
9999922
9999933
9999944
9999955
9999966
9999977
9999988
9999990
9999991
9999992
9999993
9999994
9999995
9999996
9999997
9999998
9999999
10000000
11000000
11100000
11110000
11111000
11111100
11111110
11111111
11111112
11111113
11111114
11111115
11111116
11111117
11111118
11111119
11111122
11111133
11111144
11111155
11111166
11111177
11111188
11111199
11111222
11111333
11111444
11111555
11111666
11111777
11111888
11111999
11112222
11113333
11114444
11115555
11116666
11117777
11118888
11119999
11122222
11133333
11144444
11155555
11166666
11177777
11188888
11199999
11222222
11333333
11444444
11555555
11666666
11777777
11888888
11999999
12222222
12345678
13333333
14444444
15555555
16666666
17777777
18888888
19999999
20000000
21111111
22000000
22111111
22200000
22211111
22220000
22221111
22222000
22222111
22222200
22222211
22222220
22222221
22222222
22222223
22222224
22222225
22222226
22222227
22222228
22222229
22222233
22222244
22222255
22222266
22222277
22222288
22222299
22222333
22222444
22222555
22222666
22222777
22222888
22222999
22223333
22224444
22225555
22226666
22227777
22228888
22229999
22233333
22244444
22255555
22266666
22277777
22288888
22299999
22333333
22444444
22555555
22666666
22777777
22888888
22999999
23333333
23456789
24444444
25555555
26666666
27777777
28888888
29999999
30000000
31111111
32222222
33000000
33111111
33222222
33300000
33311111
33322222
33330000
33331111
33332222
33333000
33333111
33333222
33333300
33333311
33333322
33333330
33333331
33333332
33333333
33333334
33333335
33333336
33333337
33333338
33333339
33333344
33333355
33333366
33333377
33333388
33333399
33333444
33333555
33333666
33333777
33333888
33333999
33334444
33335555
33336666
33337777
33338888
33339999
33344444
33355555
33366666
33377777
33388888
33399999
33444444
33555555
33666666
33777777
33888888
33999999
34444444
35555555
36666666
37777777
38888888
39999999
40000000
41111111
42222222
43333333
44000000
44111111
44222222
44333333
44400000
44411111
44422222
44433333
44440000
44441111
44442222
44443333
44444000
44444111
44444222
44444333
44444400
44444411
44444422
44444433
44444440
44444441
44444442
44444443
44444444
44444445
44444446
44444447
44444448
44444449
44444455
44444466
44444477
44444488
44444499
44444555
44444666
44444777
44444888
44444999
44445555
44446666
44447777
44448888
44449999
44455555
44466666
44477777
44488888
44499999
44555555
44666666
44777777
44888888
44999999
45555555
46666666
47777777
48888888
49999999
50000000
51111111
52222222
53333333
54444444
55000000
55111111
55222222
55333333
55444444
55500000
55511111
55522222
55533333
55544444
55550000
55551111
55552222
55553333
55554444
55555000
55555111
55555222
55555333
55555444
55555500
55555511
55555522
55555533
55555544
55555550
55555551
55555552
55555553
55555554
55555555
55555556
55555557
55555558
55555559
55555566
55555577
55555588
55555599
55555666
55555777
55555888
55555999
55556666
55557777
55558888
55559999
55566666
55577777
55588888
55599999
55666666
55777777
55888888
55999999
56666666
57777777
58888888
59999999
60000000
61111111
62222222
63333333
64444444
65555555
66000000
66111111
66222222
66333333
66444444
66555555
66600000
66611111
66622222
66633333
66644444
66655555
66660000
66661111
66662222
66663333
66664444
66665555
66666000
66666111
66666222
66666333
66666444
66666555
66666600
66666611
66666622
66666633
66666644
66666655
66666660
66666661
66666662
66666663
66666664
66666665
66666666
66666667
66666668
66666669
66666677
66666688
66666699
66666777
66666888
66666999
66667777
66668888
66669999
66677777
66688888
66699999
66777777
66888888
66999999
67777777
68888888
69999999
70000000
71111111
72222222
73333333
74444444
75555555
76543210
76666666
77000000
77111111
77222222
77333333
77444444
77555555
77666666
77700000
77711111
77722222
77733333
77744444
77755555
77766666
77770000
77771111
77772222
77773333
77774444
77775555
77776666
77777000
77777111
77777222
77777333
77777444
77777555
77777666
77777700
77777711
77777722
77777733
77777744
77777755
77777766
77777770
77777771
77777772
77777773
77777774
77777775
77777776
77777777
77777778
77777779
77777788
77777799
77777888
77777999
77778888
77779999
77788888
77799999
77888888
77999999
78888888
79999999
80000000
81111111
82222222
83333333
84444444
85555555
86666666
87654321
87777777
88000000
88111111
88222222
88333333
88444444
88555555
88666666
88777777
88800000
88811111
88822222
88833333
88844444
88855555
88866666
88877777
88880000
88881111
88882222
88883333
88884444
88885555
88886666
88887777
88888000
88888111
88888222
88888333
88888444
88888555
88888666
88888777
88888800
88888811
88888822
88888833
88888844
88888855
88888866
88888877
88888880
88888881
88888882
88888883
88888884
88888885
88888886
88888887
88888888
88888889
88888899
88888999
88889999
88899999
88999999
89999999
90000000
91111111
92222222
93333333
94444444
95555555
96666666
97777777
98765432
98888888
99000000
99111111
99222222
99333333
99444444
99555555
99666666
99777777
99888888
99900000
99911111
99922222
99933333
99944444
99955555
99966666
99977777
99988888
99990000
99991111
99992222
99993333
99994444
99995555
99996666
99997777
99998888
99999000
99999111
99999222
99999333
99999444
99999555
99999666
99999777
99999888
99999900
99999911
99999922
99999933
99999944
99999955
99999966
99999977
99999988
99999990
99999991
99999992
99999993
99999994
99999995
99999996
99999997
99999998
99999999
100000000
110000000
111000000
111100000
111110000
111111000
111111100
111111110
111111111
111111112
111111113
111111114
111111115
111111116
111111117
111111118
111111119
111111122
111111133
111111144
111111155
111111166
111111177
111111188
111111199
111111222
111111333
111111444
111111555
111111666
111111777
111111888
111111999
111112222
111113333
111114444
111115555
111116666
111117777
111118888
111119999
111122222
111133333
111144444
111155555
111166666
111177777
111188888
111199999
111222222
111333333
111444444
111555555
111666666
111777777
111888888
111999999
112222222
113333333
114444444
115555555
116666666
117777777
118888888
119999999
122222222
123456789
133333333
144444444
155555555
166666666
177777777
188888888
199999999
200000000
211111111
220000000
221111111
222000000
222111111
222200000
222211111
222220000
222221111
222222000
222222111
222222200
222222211
222222220
222222221
222222222
222222223
222222224
222222225
222222226
222222227
222222228
222222229
222222233
222222244
222222255
222222266
222222277
222222288
222222299
222222333
222222444
222222555
222222666
222222777
222222888
222222999
222223333
222224444
222225555
222226666
222227777
222228888
222229999
222233333
222244444
222255555
222266666
222277777
222288888
222299999
222333333
222444444
222555555
222666666
222777777
222888888
222999999
223333333
224444444
225555555
226666666
227777777
228888888
229999999
233333333
244444444
255555555
266666666
277777777
288888888
299999999
300000000
311111111
322222222
330000000
331111111
332222222
333000000
333111111
333222222
333300000
333311111
333322222
333330000
333331111
333332222
333333000
333333111
333333222
333333300
333333311
333333322
333333330
333333331
333333332
333333333
333333334
333333335
333333336
333333337
333333338
333333339
333333344
333333355
333333366
333333377
333333388
333333399
333333444
333333555
333333666
333333777
333333888
333333999
333334444
333335555
333336666
333337777
333338888
333339999
333344444
333355555
333366666
333377777
333388888
333399999
333444444
333555555
333666666
333777777
333888888
333999999
334444444
335555555
336666666
337777777
338888888
339999999
344444444
355555555
366666666
377777777
388888888
399999999
400000000
411111111
422222222
433333333
440000000
441111111
442222222
443333333
444000000
444111111
444222222
444333333
444400000
444411111
444422222
444433333
444440000
444441111
444442222
444443333
444444000
444444111
444444222
444444333
444444400
444444411
444444422
444444433
444444440
444444441
444444442
444444443
444444444
444444445
444444446
444444447
444444448
444444449
444444455
444444466
444444477
444444488
444444499
444444555
444444666
444444777
444444888
444444999
444445555
444446666
444447777
444448888
444449999
444455555
444466666
444477777
444488888
444499999
444555555
444666666
444777777
444888888
444999999
445555555
446666666
447777777
448888888
449999999
455555555
466666666
477777777
488888888
499999999
500000000
511111111
522222222
533333333
544444444
550000000
551111111
552222222
553333333
554444444
555000000
555111111
555222222
555333333
555444444
555500000
555511111
555522222
555533333
555544444
555550000
555551111
555552222
555553333
555554444
555555000
555555111
555555222
555555333
555555444
555555500
555555511
555555522
555555533
555555544
555555550
555555551
555555552
555555553
555555554
555555555
555555556
555555557
555555558
555555559
555555566
555555577
555555588
555555599
555555666
555555777
555555888
555555999
555556666
555557777
555558888
555559999
555566666
555577777
555588888
555599999
555666666
555777777
555888888
555999999
556666666
557777777
558888888
559999999
566666666
577777777
588888888
599999999
600000000
611111111
622222222
633333333
644444444
655555555
660000000
661111111
662222222
663333333
664444444
665555555
666000000
666111111
666222222
666333333
666444444
666555555
666600000
666611111
666622222
666633333
666644444
666655555
666660000
666661111
666662222
666663333
666664444
666665555
666666000
666666111
666666222
666666333
666666444
666666555
666666600
666666611
666666622
666666633
666666644
666666655
666666660
666666661
666666662
666666663
666666664
666666665
666666666
666666667
666666668
666666669
666666677
666666688
666666699
666666777
666666888
666666999
666667777
666668888
666669999
666677777
666688888
666699999
666777777
666888888
666999999
667777777
668888888
669999999
677777777
688888888
699999999
700000000
711111111
722222222
733333333
744444444
755555555
766666666
770000000
771111111
772222222
773333333
774444444
775555555
776666666
777000000
777111111
777222222
777333333
777444444
777555555
777666666
777700000
777711111
777722222
777733333
777744444
777755555
777766666
777770000
777771111
777772222
777773333
777774444
777775555
777776666
777777000
777777111
777777222
777777333
777777444
777777555
777777666
777777700
777777711
777777722
777777733
777777744
777777755
777777766
777777770
777777771
777777772
777777773
777777774
777777775
777777776
777777777
777777778
777777779
777777788
777777799
777777888
777777999
777778888
777779999
777788888
777799999
777888888
777999999
778888888
779999999
788888888
799999999
800000000
811111111
822222222
833333333
844444444
855555555
866666666
876543210
877777777
880000000
881111111
882222222
883333333
884444444
885555555
886666666
887777777
888000000
888111111
888222222
888333333
888444444
888555555
888666666
888777777
888800000
888811111
888822222
888833333
888844444
888855555
888866666
888877777
888880000
888881111
888882222
888883333
888884444
888885555
888886666
888887777
888888000
888888111
888888222
888888333
888888444
888888555
888888666
888888777
888888800
888888811
888888822
888888833
888888844
888888855
888888866
888888877
888888880
888888881
888888882
888888883
888888884
888888885
888888886
888888887
888888888
888888889
888888899
888888999
888889999
888899999
888999999
889999999
899999999
900000000
911111111
922222222
933333333
944444444
955555555
966666666
977777777
987654321
988888888
990000000
991111111
992222222
993333333
994444444
995555555
996666666
997777777
998888888
999000000
999111111
999222222
999333333
999444444
999555555
999666666
999777777
999888888
999900000
999911111
999922222
999933333
999944444
999955555
999966666
999977777
999988888
999990000
999991111
999992222
999993333
999994444
999995555
999996666
999997777
999998888
999999000
999999111
999999222
999999333
999999444
999999555
999999666
999999777
999999888
999999900
999999911
999999922
999999933
999999944
999999955
999999966
999999977
999999988
999999990
999999991
999999992
999999993
999999994
999999995
999999996
999999997
999999998
999999999
1000000000
1100000000
1110000000
1111000000
1111100000
1111110000
1111111000
1111111100
1111111110
1111111111
1111111112
1111111113
1111111114
1111111115
1111111116
1111111117
1111111118
1111111119
1111111122
1111111133
1111111144
1111111155
1111111166
1111111177
1111111188
1111111199
1111111222
1111111333
1111111444
1111111555
1111111666
1111111777
1111111888
1111111999
1111112222
1111113333
1111114444
1111115555
1111116666
1111117777
1111118888
1111119999
1111122222
1111133333
1111144444
1111155555
1111166666
1111177777
1111188888
1111199999
1111222222
1111333333
1111444444
1111555555
1111666666
1111777777
1111888888
1111999999
1112222222
1113333333
1114444444
1115555555
1116666666
1117777777
1118888888
1119999999
1122222222
1133333333
1144444444
1155555555
1166666666
1177777777
1188888888
1199999999
1222222222
1333333333
1444444444
1555555555
1666666666
1777777777
1888888888
1999999999
2000000000
2111111111
2147483548
2147483549
2147483550
2147483551
2147483552
2147483553
2147483554
2147483555
2147483556
2147483557
2147483558
2147483559
2147483560
2147483561
2147483562
2147483563
2147483564
2147483565
2147483566
2147483567
2147483568
2147483569
2147483570
2147483571
2147483572
2147483573
2147483574
2147483575
2147483576
2147483577
2147483578
2147483579
2147483580
2147483581
2147483582
2147483583
2147483584
2147483585
2147483586
2147483587
2147483588
2147483589
2147483590
2147483591
2147483592
2147483593
2147483594
2147483595
2147483596
2147483597
2147483598
2147483599
2147483600
2147483601
2147483602
2147483603
2147483604
2147483605
2147483606
2147483607
2147483608
2147483609
2147483610
2147483611
2147483612
2147483613
2147483614
2147483615
2147483616
2147483617
2147483618
2147483619
2147483620
2147483621
2147483622
2147483623
2147483624
2147483625
2147483626
2147483627
2147483628
2147483629
2147483630
2147483631
2147483632
2147483633
2147483634
2147483635
2147483636
2147483637
2147483638
2147483639
2147483640
2147483641
2147483642
2147483643
2147483644
2147483645
2147483646
2147483647
